15486006,
15486014,
15486082,
15486124,
15486139,
15486143,
15486172,
15486211,
15486253,
15486269,
15486317,
15486318,
15486323,
15486319,
15486322,
15486328,
15486320,
15486351,
15486349,
15486376,
15486353,
15486400,
15486435,
15486477,
15486537,
15486539,
15486578,
15486589,
15486622,
15486634,
15486646,
15486674,
15486684,
15486685,
15486688,
15486733,
15486734,
15486737,
15486739,
15486738,
15486752,
15486736,
15486786,
15486817,
15486826,
15486845,
15486850,
15486887,
15486873,
15486899,
15486921,
15486911,
15486973,
15486981,
15487000,
15486006
